   MODELYEAR   MAKE       MODEL VEHICLECLASS  ENGINESIZE  ...  FUELCONSUMPTION_CITY FUELCONSUMPTION_HWY FUELCONSUMPTION_COMB  FUELCONSUMPTION_COMB_MPG  CO2EMISSIONS
0       2014  ACURA         ILX      COMPACT         2.0  ...                   9.9                 6.7                  8.5                        33           196
1       2014  ACURA         ILX      COMPACT         2.4  ...                  11.2                 7.7                  9.6                        29           221
2       2014  ACURA  ILX HYBRID      COMPACT         1.5  ...                   6.0                 5.8                  5.9                        48           136
3       2014  ACURA     MDX 4WD  SUV - SMALL         3.5  ...                  12.7                 9.1                 11.1                        25           255
4       2014  ACURA     RDX AWD  SUV - SMALL         3.5  ...                  12.1                 8.7                 10.6                        27           244

[5 rows x 13 columns]


0 26992.592 77.07106 46.110275
5 1891.721 58.844624 47.59573
10 1762.7241 57.65104 53.019833
15 1653.5896 56.36652 58.023922
20 1559.0438 55.172844 62.68204
25 1477.1368 54.061794 67.01765
30 1406.1787 53.027664 71.05309
35 1344.7058 52.065132 74.809135
40 1291.4507 51.169243 78.30513
45 1245.3142 50.335377 81.55909
50 1205.3451 49.559242 84.58777
55 1170.7189 48.836845 87.406746
60 1140.7213 48.164467 90.030556
65 1114.734 47.538635 92.472694
70 1092.2202 46.95614 94.74576
75 1072.7162 46.413967 96.86146
80 1055.8192 45.90933 98.83067
85 1041.181 45.439632 100.66355
90 1028.4998 45.002457 102.36953
95 1017.5135 44.595547 103.9574